1334
1383
1362
1066
1217
1206
1205
1168
1155
1357
1496
1391
1404
1407
1405
1390
1388
1371
1286
1305
1303
315
23
29
31
33
35
42
43
44
45
46
47
48
49
50
51
52
53
54
55
56
57
58
59
60
64
68
71
75
78
91
94
479
480
481
482
485
489
493
494
495
496
498
501
562
563
564
568
36
37
38
39
40
99
107
108
110
113
114
115
116
118
120
121
122
131
133
134
137
138
139
140
168
176
177
186
194
196
198
199
200
206
207
209
210
213
215
216
218
220
222
223
224
229
234
236
239
240
241
247
248
252
253
255
261
263
265
266
267
271
272
273
278
283
284
286
288
289
291
292
293
297
298
299
300
301
302
305
306
307
308
309
318
322
326
327
328
330
332
337
341
350
354
502
504
505
506
507
508
509
510
513
514
516
524
529
530
531
533
536
460
463
464
465
469
470
473
474
476
477
478
571
575
578
585
586
587
588
590
592
596
597
598
599
600
610
612
613
617
777
778
780
787
788
796
798
801
802
804
814
819
825
828
836
881
883
885
886
888
889
890
892
893
356
357
358
359
360
361
362
363
364
365
366
369
370
371
372
373
374
375
376
377
379
382
384
386
393
396
397
398
399
400
401
402
408
413
414
415
416
417
418
420
421
422
424
425
428
429
430
431
439
440
441
445
446
448
449
451
453
454
455
458
459
539
544
545
553
554
557
561
567
620
621
622
623
624
625
626
627
628
629
630
631
633
647
648
649
650
652
653
654
655
656
657
660
664
665
666
667
668
679
680
684
686
690
691
692
693
697
699
700
701
702
706
707
708
709
714
717
719
720
722
723
724
725
727
728
730
732
733
744
745
747
749
751
752
753
758
761
763
764
765
766
776
781
782
783
785
786
789
792
795
797
841
845
846
849
850
854
855
862
866
868
869
870
871
874
880
898
899
902
903
907
909
913
914
916
923
924
926
928
930
932
1060
1062
1064
1070
1071
1072
1073
1074
1075
1076
1077
1078
1081
1082
1190
1196
1197
1200
1202
1204
1207
1338
1340
1341
1343
936
937
938
943
949
950
951
953
954
956
958
959
961
962
963
964
965
967
973
974
976
977
978
984
986
988
992
995
996
997
1000
1004
1005
1006
1007
1011
1012
1014
1016
1019
1020
1021
1029
1030
1031
1035
1036
1037
1039
1040
1041
1042
1044
1047
1049
1052
1055
1056
1059
1083
1085
1087
1088
1089
1090
1091
1093
1094
1095
1096
1099
1101
1102
1105
1106
1214
1215
1216
1218
1219
1220
1221
1230
1238
1239
1241
1316
1318
1331
1332
25
28
34
41
324
329
336
340
1107
1108
1109
1111
1116
1118
1119
1120
1148
1151
1152
1160
1163
1164
1165
1166
1167
1169
1174
1176
1181
1344
1353
1356
1375
1389
1467
338
344
352
353
355
800
803
805
817
826
827
829
1121
1122
1123
1144
1145
1146
1147
1149
1150
1247
1248
1269
1284
1287
1288
1289
1290
1291
1293
1294
1304
1307
1319
1522
1364
993
1370
1504
1577
1613
824
1603
1501
1069
1520
1612
1384
1017
1360
1354
1580
1492
1311
1126
1312
1359
1479
1128
1057
1139
1242
24
483
499
167
211
219
246
250
274
279
285
296
319
525
526
467
472
618
774
775
833
891
897
427
444
547
555
556
566
569
632
634
651
658
673
674
685
704
711
712
716
741
750
755
756
757
759
760
772
842
848
851
859
860
906
915
920
921
1191
1192
1193
1198
1342
939
940
941
945
966
971
975
983
999
1001
1008
1025
1026
1027
1028
1032
1033
1051
1092
1100
1208
1213
1246
1313
1333
27
32
1112
1113
1154
1171
1173
1177
1180
1358
1380
345
349
818
837
1124
1136
1137
1140
1141
1142
1143
1250
1251
1252
1259
1263
1274
1276
1277
1280